xof 0303txt 0032
Material Material.001 {
	0.800000;0.800000;0.800000;1.000000;;
	36.000000;
	0.200000;0.200000;0.200000;;
	0.000000;0.000000;0.000000;;
}
Material Material {
	0.800000;0.800000;0.800000;1.000000;;
	36.000000;
	0.200000;0.200000;0.200000;;
	0.000000;0.000000;0.000000;;
}
Frame Light {
	FrameTransformMatrix {
		-29.086477,-5.518906,95.517120,0.000000,
		56.639305,79.467239,21.839123,0.000000,
		-77.110092,60.452465,-19.988348,0.000000,
		407.624542,590.386230,100.545395,1.000000;;
	}
}
Frame Camera {
	FrameTransformMatrix {
		-65.155830,-44.527134,61.417030,0.000000,
		-32.401344,89.539581,30.542091,0.000000,
		-68.592056,0.000010,-72.767639,0.000000,
		735.889160,495.830933,-692.579102,1.000000;;
	}
}
Frame Armature {
	FrameTransformMatrix {
		100.000000,0.000000,0.000000,0.000000,
		0.000000,-0.000016,100.000000,0.000000,
		0.000000,-100.000000,-0.000016,0.000000,
		0.000000,122.433784,0.000000,1.000000;;
	}
	Frame Bone {
		FrameTransformMatrix {
			1.000000,0.000000,0.000000,0.000000,
			0.000000,-0.000000,-1.000000,0.000000,
			0.000000,1.000000,-0.000000,0.000000,
			0.000000,0.000000,0.000000,1.000000;;
		}
		Frame Bone.001 {
			FrameTransformMatrix {
				0.995833,0.091192,-0.000305,0.000000,
				-0.002940,0.028763,-0.999582,0.000000,
				-0.091145,0.995418,0.028911,0.000000,
				0.294776,-1.198148,0.991038,1.000000;;
			}
			Frame Cube.001 {
				FrameTransformMatrix {
					0.199167,-0.000588,-0.018229,0.000000,
					-0.000152,-0.499791,0.014455,0.000000,
					-0.091192,-0.028762,-0.995418,0.000000,
					-0.295787,0.490946,-0.013399,1.000000;;
				}
				Mesh {
					24;
					1.000000;1.000000;-1.000000;,
					-1.000000;1.000000;-1.000000;,
					-1.000000;-1.000000;-1.000000;,
					1.000000;-1.000000;1.000000;,
					1.000000;-1.000000;-1.000000;,
					-1.000000;-1.000000;-1.000000;,
					-1.000000;-1.000000;1.000000;,
					-1.000000;-1.000000;-1.000000;,
					-1.000000;1.000000;-1.000000;,
					-1.000000;1.000000;1.000000;,
					1.000000;1.000000;1.000000;,
					1.000000;-1.000000;1.000000;,
					1.000000;1.000000;1.000000;,
					1.000000;1.000000;-1.000000;,
					1.000000;-1.000000;-1.000000;,
					-1.000000;1.000000;1.000000;,
					-1.000000;1.000000;-1.000000;,
					1.000000;1.000000;-1.000000;,
					1.000000;-1.000000;-1.000000;,
					-1.000000;-1.000000;1.000000;,
					-1.000000;1.000000;1.000000;,
					-1.000000;-1.000000;1.000000;,
					1.000000;-1.000000;1.000000;,
					1.000000;1.000000;1.000000;;
					12;
					3;0,2,1;,
					3;3,5,4;,
					3;6,8,7;,
					3;9,11,10;,
					3;12,14,13;,
					3;15,17,16;,
					3;0,18,2;,
					3;3,19,5;,
					3;6,20,8;,
					3;9,21,11;,
					3;12,22,14;,
					3;15,23,17;;
					MeshNormals {
						24;
						0.000000;0.000000;-1.000000;,
						0.000000;0.000000;-1.000000;,
						0.000000;0.000000;-1.000000;,
						0.000000;-1.000000;0.000000;,
						0.000000;-1.000000;0.000000;,
						0.000000;-1.000000;0.000000;,
						-1.000000;0.000000;0.000000;,
						-1.000000;0.000000;0.000000;,
						-1.000000;0.000000;0.000000;,
						0.000000;0.000000;1.000000;,
						0.000000;0.000000;1.000000;,
						0.000000;0.000000;1.000000;,
						1.000000;0.000000;0.000000;,
						1.000000;0.000000;0.000000;,
						1.000000;0.000000;0.000000;,
						0.000000;1.000000;0.000000;,
						0.000000;1.000000;0.000000;,
						0.000000;1.000000;0.000000;,
						0.000000;0.000000;-1.000000;,
						0.000000;-1.000000;0.000000;,
						-1.000000;0.000000;0.000000;,
						0.000000;0.000000;1.000000;,
						1.000000;0.000000;0.000000;,
						0.000000;1.000000;0.000000;;
						12;
						3;0,2,1;,
						3;3,5,4;,
						3;6,8,7;,
						3;9,11,10;,
						3;12,14,13;,
						3;15,17,16;,
						3;0,18,2;,
						3;3,19,5;,
						3;6,20,8;,
						3;9,21,11;,
						3;12,22,14;,
						3;15,23,17;;
					}
					MeshTextureCoords {
						24;
						0.375000;1.000000;,
						0.625000;1.000000;,
						0.625000;0.750000;,
						0.375000;0.750000;,
						0.625000;0.750000;,
						0.625000;0.500000;,
						0.375000;0.500000;,
						0.625000;0.500000;,
						0.625000;0.250000;,
						0.375000;0.250000;,
						0.625000;0.250000;,
						0.625000;0.000000;,
						0.125000;0.500000;,
						0.375000;0.500000;,
						0.375000;0.250000;,
						0.625000;0.500000;,
						0.875000;0.500000;,
						0.875000;0.250000;,
						0.375000;0.750000;,
						0.375000;0.500000;,
						0.375000;0.250000;,
						0.375000;0.000000;,
						0.125000;0.250000;,
						0.625000;0.250000;;
					}
					MeshMaterialList {
						1;
						12;
						0,
						0,
						0,
						0,
						0,
						0,
						0,
						0,
						0,
						0,
						0,
						0;
						{Material.001}
					}
				}
			}
			Frame Bone.001_end {
				FrameTransformMatrix {
					1.000000,0.000000,0.000000,0.000000,
					0.000000,1.000000,0.000000,0.000000,
					0.000000,0.000000,1.000000,0.000000,
					0.000000,0.927451,0.000000,1.000000;;
				}
			}
		}
		Frame Bone.002 {
			FrameTransformMatrix {
				0.893604,0.448486,-0.018239,0.000000,
				0.009802,0.021127,0.999729,0.000000,
				0.448750,-0.893540,0.014483,0.000000,
				0.281177,-1.185891,-1.010878,1.000000;;
			}
			Frame Cube {
				FrameTransformMatrix {
					0.178721,0.001960,0.089750,0.000000,
					-0.009120,0.499864,0.007242,0.000000,
					-0.448486,-0.021127,0.893540,0.000000,
					-0.277822,0.507172,-0.084426,1.000000;;
				}
				Mesh {
					24;
					1.000000;1.000000;-1.000000;,
					-1.000000;1.000000;-1.000000;,
					-1.000000;-1.000000;-1.000000;,
					1.000000;-1.000000;1.000000;,
					1.000000;-1.000000;-1.000000;,
					-1.000000;-1.000000;-1.000000;,
					-1.000000;-1.000000;1.000000;,
					-1.000000;-1.000000;-1.000000;,
					-1.000000;1.000000;-1.000000;,
					-1.000000;1.000000;1.000000;,
					1.000000;1.000000;1.000000;,
					1.000000;-1.000000;1.000000;,
					1.000000;1.000000;1.000000;,
					1.000000;1.000000;-1.000000;,
					1.000000;-1.000000;-1.000000;,
					-1.000000;1.000000;1.000000;,
					-1.000000;1.000000;-1.000000;,
					1.000000;1.000000;-1.000000;,
					1.000000;-1.000000;-1.000000;,
					-1.000000;-1.000000;1.000000;,
					-1.000000;1.000000;1.000000;,
					-1.000000;-1.000000;1.000000;,
					1.000000;-1.000000;1.000000;,
					1.000000;1.000000;1.000000;;
					12;
					3;0,2,1;,
					3;3,5,4;,
					3;6,8,7;,
					3;9,11,10;,
					3;12,14,13;,
					3;15,17,16;,
					3;0,18,2;,
					3;3,19,5;,
					3;6,20,8;,
					3;9,21,11;,
					3;12,22,14;,
					3;15,23,17;;
					MeshNormals {
						24;
						0.000000;0.000000;-1.000000;,
						0.000000;0.000000;-1.000000;,
						0.000000;0.000000;-1.000000;,
						0.000000;-1.000000;0.000000;,
						0.000000;-1.000000;0.000000;,
						0.000000;-1.000000;0.000000;,
						-1.000000;0.000000;0.000000;,
						-1.000000;0.000000;0.000000;,
						-1.000000;0.000000;0.000000;,
						0.000000;0.000000;1.000000;,
						0.000000;0.000000;1.000000;,
						0.000000;0.000000;1.000000;,
						1.000000;0.000000;0.000000;,
						1.000000;0.000000;0.000000;,
						1.000000;0.000000;0.000000;,
						0.000000;1.000000;0.000000;,
						0.000000;1.000000;0.000000;,
						0.000000;1.000000;0.000000;,
						0.000000;0.000000;-1.000000;,
						0.000000;-1.000000;0.000000;,
						-1.000000;0.000000;0.000000;,
						0.000000;0.000000;1.000000;,
						1.000000;0.000000;0.000000;,
						0.000000;1.000000;0.000000;;
						12;
						3;0,2,1;,
						3;3,5,4;,
						3;6,8,7;,
						3;9,11,10;,
						3;12,14,13;,
						3;15,17,16;,
						3;0,18,2;,
						3;3,19,5;,
						3;6,20,8;,
						3;9,21,11;,
						3;12,22,14;,
						3;15,23,17;;
					}
					MeshTextureCoords {
						24;
						0.375000;1.000000;,
						0.625000;1.000000;,
						0.625000;0.750000;,
						0.375000;0.750000;,
						0.625000;0.750000;,
						0.625000;0.500000;,
						0.375000;0.500000;,
						0.625000;0.500000;,
						0.625000;0.250000;,
						0.375000;0.250000;,
						0.625000;0.250000;,
						0.625000;0.000000;,
						0.125000;0.500000;,
						0.375000;0.500000;,
						0.375000;0.250000;,
						0.625000;0.500000;,
						0.875000;0.500000;,
						0.875000;0.250000;,
						0.375000;0.750000;,
						0.375000;0.500000;,
						0.375000;0.250000;,
						0.375000;0.000000;,
						0.125000;0.250000;,
						0.625000;0.250000;;
					}
					MeshMaterialList {
						1;
						12;
						0,
						0,
						0,
						0,
						0,
						0,
						0,
						0,
						0,
						0,
						0,
						0;
						{Material}
					}
				}
			}
			Frame Bone.002_end {
				FrameTransformMatrix {
					1.000000,0.000000,0.000000,0.000000,
					0.000000,1.000000,0.000000,0.000000,
					0.000000,0.000000,1.000000,0.000000,
					0.000000,0.955721,0.000000,1.000000;;
				}
			}
		}
	}
}
AnimationSet Armature|ArmatureAction {
	Animation {
		{Armature}
		AnimationKey {
			4;
			1;
			0;16;
			100.000000,0.000000,0.000000,0.000000,
			0.000000,-0.000009,100.000000,0.000000,
			0.000000,-100.000000,-0.000009,0.000000,
			0.000000,122.433784,0.000000,1.000000;;;
		}
	}
	Animation {
		{Bone}
		AnimationKey {
			4;
			1;
			0;16;
			1.000000,0.000000,0.000000,0.000000,
			0.000000,0.000000,-1.000000,0.000000,
			0.000000,1.000000,0.000000,0.000000,
			0.000000,0.000000,0.000000,1.000000;;;
		}
	}
	Animation {
		{Bone.001}
		AnimationKey {
			4;
			1;
			0;16;
			0.995838,0.091145,-0.000288,0.000000,
			-0.002925,0.028803,-0.999581,0.000000,
			-0.091099,0.995421,0.028950,0.000000,
			0.294776,-1.198148,0.991038,1.000000;;;
		}
	}
	Animation {
		{Bone.002}
		AnimationKey {
			4;
			1;
			0;16;
			0.893593,0.448509,-0.018215,0.000000,
			0.009784,0.021108,0.999729,0.000000,
			0.448772,-0.893529,0.014474,0.000000,
			0.281177,-1.185891,-1.010878,1.000000;;;
		}
	}
}
AnimationSet Armature|ArmatureAction.001 {
	Animation {
		{Armature}
		AnimationKey {
			4;
			30;
			0;16;
			100.000000,0.000000,0.000000,0.000000,
			0.000000,-0.000009,100.000000,0.000000,
			0.000000,-100.000000,-0.000009,0.000000,
			0.000000,122.433784,0.000000,1.000000;;,
			1;16;
			100.000000,0.000000,0.000000,0.000000,
			0.000000,-0.000009,100.000000,0.000000,
			0.000000,-100.000000,-0.000009,0.000000,
			0.000000,122.433784,0.000000,1.000000;;,
			2;16;
			100.000000,0.000000,0.000000,0.000000,
			0.000000,-0.000009,100.000000,0.000000,
			0.000000,-100.000000,-0.000009,0.000000,
			0.000000,122.433784,0.000000,1.000000;;,
			3;16;
			100.000000,0.000000,0.000000,0.000000,
			0.000000,-0.000009,100.000000,0.000000,
			0.000000,-100.000000,-0.000009,0.000000,
			0.000000,122.433784,0.000000,1.000000;;,
			4;16;
			100.000000,0.000000,0.000000,0.000000,
			0.000000,-0.000009,100.000000,0.000000,
			0.000000,-100.000000,-0.000009,0.000000,
			0.000000,122.433784,0.000000,1.000000;;,
			5;16;
			100.000000,0.000000,0.000000,0.000000,
			0.000000,-0.000009,100.000000,0.000000,
			0.000000,-100.000000,-0.000009,0.000000,
			0.000000,122.433784,0.000000,1.000000;;,
			6;16;
			100.000000,0.000000,0.000000,0.000000,
			0.000000,-0.000009,100.000000,0.000000,
			0.000000,-100.000000,-0.000009,0.000000,
			0.000000,122.433784,0.000000,1.000000;;,
			7;16;
			100.000000,0.000000,0.000000,0.000000,
			0.000000,-0.000009,100.000000,0.000000,
			0.000000,-100.000000,-0.000009,0.000000,
			0.000000,122.433784,0.000000,1.000000;;,
			8;16;
			100.000000,0.000000,0.000000,0.000000,
			0.000000,-0.000009,100.000000,0.000000,
			0.000000,-100.000000,-0.000009,0.000000,
			0.000000,122.433784,0.000000,1.000000;;,
			9;16;
			100.000000,0.000000,0.000000,0.000000,
			0.000000,-0.000009,100.000000,0.000000,
			0.000000,-100.000000,-0.000009,0.000000,
			0.000000,122.433784,0.000000,1.000000;;,
			10;16;
			100.000000,0.000000,0.000000,0.000000,
			0.000000,-0.000009,100.000000,0.000000,
			0.000000,-100.000000,-0.000009,0.000000,
			0.000000,122.433784,0.000000,1.000000;;,
			11;16;
			100.000000,0.000000,0.000000,0.000000,
			0.000000,-0.000009,100.000000,0.000000,
			0.000000,-100.000000,-0.000009,0.000000,
			0.000000,122.433784,0.000000,1.000000;;,
			12;16;
			100.000000,0.000000,0.000000,0.000000,
			0.000000,-0.000009,100.000000,0.000000,
			0.000000,-100.000000,-0.000009,0.000000,
			0.000000,122.433784,0.000000,1.000000;;,
			13;16;
			100.000000,0.000000,0.000000,0.000000,
			0.000000,-0.000009,100.000000,0.000000,
			0.000000,-100.000000,-0.000009,0.000000,
			0.000000,122.433784,0.000000,1.000000;;,
			14;16;
			100.000000,0.000000,0.000000,0.000000,
			0.000000,-0.000009,100.000000,0.000000,
			0.000000,-100.000000,-0.000009,0.000000,
			0.000000,122.433784,0.000000,1.000000;;,
			15;16;
			100.000000,0.000000,0.000000,0.000000,
			0.000000,-0.000009,100.000000,0.000000,
			0.000000,-100.000000,-0.000009,0.000000,
			0.000000,122.433784,0.000000,1.000000;;,
			16;16;
			100.000000,0.000000,0.000000,0.000000,
			0.000000,-0.000009,100.000000,0.000000,
			0.000000,-100.000000,-0.000009,0.000000,
			0.000000,122.433784,0.000000,1.000000;;,
			17;16;
			100.000000,0.000000,0.000000,0.000000,
			0.000000,-0.000009,100.000000,0.000000,
			0.000000,-100.000000,-0.000009,0.000000,
			0.000000,122.433784,0.000000,1.000000;;,
			18;16;
			100.000000,0.000000,0.000000,0.000000,
			0.000000,-0.000009,100.000000,0.000000,
			0.000000,-100.000000,-0.000009,0.000000,
			0.000000,122.433784,0.000000,1.000000;;,
			19;16;
			100.000000,0.000000,0.000000,0.000000,
			0.000000,-0.000009,100.000000,0.000000,
			0.000000,-100.000000,-0.000009,0.000000,
			0.000000,122.433784,0.000000,1.000000;;,
			20;16;
			100.000000,0.000000,0.000000,0.000000,
			0.000000,-0.000009,100.000000,0.000000,
			0.000000,-100.000000,-0.000009,0.000000,
			0.000000,122.433784,0.000000,1.000000;;,
			21;16;
			100.000000,0.000000,0.000000,0.000000,
			0.000000,-0.000009,100.000000,0.000000,
			0.000000,-100.000000,-0.000009,0.000000,
			0.000000,122.433784,0.000000,1.000000;;,
			22;16;
			100.000000,0.000000,0.000000,0.000000,
			0.000000,-0.000009,100.000000,0.000000,
			0.000000,-100.000000,-0.000009,0.000000,
			0.000000,122.433784,0.000000,1.000000;;,
			23;16;
			100.000000,0.000000,0.000000,0.000000,
			0.000000,-0.000009,100.000000,0.000000,
			0.000000,-100.000000,-0.000009,0.000000,
			0.000000,122.433784,0.000000,1.000000;;,
			24;16;
			100.000000,0.000000,0.000000,0.000000,
			0.000000,-0.000009,100.000000,0.000000,
			0.000000,-100.000000,-0.000009,0.000000,
			0.000000,122.433784,0.000000,1.000000;;,
			25;16;
			100.000000,0.000000,0.000000,0.000000,
			0.000000,-0.000009,100.000000,0.000000,
			0.000000,-100.000000,-0.000009,0.000000,
			0.000000,122.433784,0.000000,1.000000;;,
			26;16;
			100.000000,0.000000,0.000000,0.000000,
			0.000000,-0.000009,100.000000,0.000000,
			0.000000,-100.000000,-0.000009,0.000000,
			0.000000,122.433784,0.000000,1.000000;;,
			27;16;
			100.000000,0.000000,0.000000,0.000000,
			0.000000,-0.000009,100.000000,0.000000,
			0.000000,-100.000000,-0.000009,0.000000,
			0.000000,122.433784,0.000000,1.000000;;,
			28;16;
			100.000000,0.000000,0.000000,0.000000,
			0.000000,-0.000009,100.000000,0.000000,
			0.000000,-100.000000,-0.000009,0.000000,
			0.000000,122.433784,0.000000,1.000000;;,
			29;16;
			100.000000,0.000000,0.000000,0.000000,
			0.000000,-0.000009,100.000000,0.000000,
			0.000000,-100.000000,-0.000009,0.000000,
			0.000000,122.433784,0.000000,1.000000;;;
		}
	}
	Animation {
		{Bone}
		AnimationKey {
			4;
			30;
			0;16;
			1.000000,0.000000,0.000000,0.000000,
			0.000000,0.000000,-1.000000,0.000000,
			0.000000,1.000000,0.000000,0.000000,
			0.000000,0.000000,0.000000,1.000000;;,
			1;16;
			1.000000,0.000000,0.000000,0.000000,
			0.000000,0.000000,-1.000000,0.000000,
			0.000000,1.000000,0.000000,0.000000,
			0.000000,0.000000,0.000000,1.000000;;,
			2;16;
			1.000000,0.000000,0.000000,0.000000,
			0.000000,0.000000,-1.000000,0.000000,
			0.000000,1.000000,0.000000,0.000000,
			0.000000,0.000000,0.000000,1.000000;;,
			3;16;
			1.000000,0.000000,0.000000,0.000000,
			0.000000,0.000000,-1.000000,0.000000,
			0.000000,1.000000,0.000000,0.000000,
			0.000000,0.000000,0.000000,1.000000;;,
			4;16;
			1.000000,0.000000,0.000000,0.000000,
			0.000000,0.000000,-1.000000,0.000000,
			0.000000,1.000000,0.000000,0.000000,
			0.000000,0.000000,0.000000,1.000000;;,
			5;16;
			1.000000,0.000000,0.000000,0.000000,
			0.000000,0.000000,-1.000000,0.000000,
			0.000000,1.000000,0.000000,0.000000,
			0.000000,0.000000,0.000000,1.000000;;,
			6;16;
			1.000000,0.000000,0.000000,0.000000,
			0.000000,0.000000,-1.000000,0.000000,
			0.000000,1.000000,0.000000,0.000000,
			0.000000,0.000000,0.000000,1.000000;;,
			7;16;
			1.000000,0.000000,0.000000,0.000000,
			0.000000,0.000000,-1.000000,0.000000,
			0.000000,1.000000,0.000000,0.000000,
			0.000000,0.000000,0.000000,1.000000;;,
			8;16;
			1.000000,0.000000,0.000000,0.000000,
			0.000000,0.000000,-1.000000,0.000000,
			0.000000,1.000000,0.000000,0.000000,
			0.000000,0.000000,0.000000,1.000000;;,
			9;16;
			1.000000,0.000000,0.000000,0.000000,
			0.000000,0.000000,-1.000000,0.000000,
			0.000000,1.000000,0.000000,0.000000,
			0.000000,0.000000,0.000000,1.000000;;,
			10;16;
			1.000000,0.000000,0.000000,0.000000,
			0.000000,0.000000,-1.000000,0.000000,
			0.000000,1.000000,0.000000,0.000000,
			0.000000,0.000000,0.000000,1.000000;;,
			11;16;
			1.000000,0.000000,0.000000,0.000000,
			0.000000,0.000000,-1.000000,0.000000,
			0.000000,1.000000,0.000000,0.000000,
			0.000000,0.000000,0.000000,1.000000;;,
			12;16;
			1.000000,0.000000,0.000000,0.000000,
			0.000000,0.000000,-1.000000,0.000000,
			0.000000,1.000000,0.000000,0.000000,
			0.000000,0.000000,0.000000,1.000000;;,
			13;16;
			1.000000,0.000000,0.000000,0.000000,
			0.000000,0.000000,-1.000000,0.000000,
			0.000000,1.000000,0.000000,0.000000,
			0.000000,0.000000,0.000000,1.000000;;,
			14;16;
			1.000000,0.000000,0.000000,0.000000,
			0.000000,0.000000,-1.000000,0.000000,
			0.000000,1.000000,0.000000,0.000000,
			0.000000,0.000000,0.000000,1.000000;;,
			15;16;
			1.000000,0.000000,0.000000,0.000000,
			0.000000,0.000000,-1.000000,0.000000,
			0.000000,1.000000,0.000000,0.000000,
			0.000000,0.000000,0.000000,1.000000;;,
			16;16;
			1.000000,0.000000,0.000000,0.000000,
			0.000000,0.000000,-1.000000,0.000000,
			0.000000,1.000000,0.000000,0.000000,
			0.000000,0.000000,0.000000,1.000000;;,
			17;16;
			1.000000,0.000000,0.000000,0.000000,
			0.000000,0.000000,-1.000000,0.000000,
			0.000000,1.000000,0.000000,0.000000,
			0.000000,0.000000,0.000000,1.000000;;,
			18;16;
			1.000000,0.000000,0.000000,0.000000,
			0.000000,0.000000,-1.000000,0.000000,
			0.000000,1.000000,0.000000,0.000000,
			0.000000,0.000000,0.000000,1.000000;;,
			19;16;
			1.000000,0.000000,0.000000,0.000000,
			0.000000,0.000000,-1.000000,0.000000,
			0.000000,1.000000,0.000000,0.000000,
			0.000000,0.000000,0.000000,1.000000;;,
			20;16;
			1.000000,0.000000,0.000000,0.000000,
			0.000000,0.000000,-1.000000,0.000000,
			0.000000,1.000000,0.000000,0.000000,
			0.000000,0.000000,0.000000,1.000000;;,
			21;16;
			1.000000,0.000000,0.000000,0.000000,
			0.000000,0.000000,-1.000000,0.000000,
			0.000000,1.000000,0.000000,0.000000,
			0.000000,0.000000,0.000000,1.000000;;,
			22;16;
			1.000000,0.000000,0.000000,0.000000,
			0.000000,0.000000,-1.000000,0.000000,
			0.000000,1.000000,0.000000,0.000000,
			0.000000,0.000000,0.000000,1.000000;;,
			23;16;
			1.000000,0.000000,0.000000,0.000000,
			0.000000,0.000000,-1.000000,0.000000,
			0.000000,1.000000,0.000000,0.000000,
			0.000000,0.000000,0.000000,1.000000;;,
			24;16;
			1.000000,0.000000,0.000000,0.000000,
			0.000000,0.000000,-1.000000,0.000000,
			0.000000,1.000000,0.000000,0.000000,
			0.000000,0.000000,0.000000,1.000000;;,
			25;16;
			1.000000,0.000000,0.000000,0.000000,
			0.000000,0.000000,-1.000000,0.000000,
			0.000000,1.000000,0.000000,0.000000,
			0.000000,0.000000,0.000000,1.000000;;,
			26;16;
			1.000000,0.000000,0.000000,0.000000,
			0.000000,0.000000,-1.000000,0.000000,
			0.000000,1.000000,0.000000,0.000000,
			0.000000,0.000000,0.000000,1.000000;;,
			27;16;
			1.000000,0.000000,0.000000,0.000000,
			0.000000,0.000000,-1.000000,0.000000,
			0.000000,1.000000,0.000000,0.000000,
			0.000000,0.000000,0.000000,1.000000;;,
			28;16;
			1.000000,0.000000,0.000000,0.000000,
			0.000000,0.000000,-1.000000,0.000000,
			0.000000,1.000000,0.000000,0.000000,
			0.000000,0.000000,0.000000,1.000000;;,
			29;16;
			1.000000,0.000000,0.000000,0.000000,
			0.000000,0.000000,-1.000000,0.000000,
			0.000000,1.000000,0.000000,0.000000,
			0.000000,0.000000,0.000000,1.000000;;;
		}
	}
	Animation {
		{Bone.001}
		AnimationKey {
			4;
			30;
			0;16;
			0.995838,0.091145,-0.000288,0.000000,
			-0.002925,0.028803,-0.999581,0.000000,
			-0.091099,0.995421,0.028950,0.000000,
			0.294776,-1.198148,0.991038,1.000000;;,
			1;16;
			0.995816,0.091239,-0.005177,0.000000,
			-0.007908,0.029598,-0.999531,0.000000,
			-0.091043,0.995389,0.030195,0.000000,
			0.294776,-1.198148,0.991038,1.000000;;,
			2;16;
			0.995630,0.091319,-0.019557,0.000000,
			-0.022346,0.029620,-0.999311,0.000000,
			-0.090677,0.995381,0.031531,0.000000,
			0.294776,-1.198148,0.991038,1.000000;;,
			3;16;
			0.994910,0.091253,-0.042747,0.000000,
			-0.045539,0.028744,-0.998549,0.000000,
			-0.089892,0.995413,0.032753,0.000000,
			0.294776,-1.198148,0.991038,1.000000;;,
			4;16;
			0.993057,0.091179,-0.074329,0.000000,
			-0.077240,0.028812,-0.996596,0.000000,
			-0.088727,0.995418,0.035654,0.000000,
			0.294776,-1.198148,0.991038,1.000000;;,
			5;16;
			0.989313,0.091218,-0.113747,0.000000,
			-0.116796,0.028792,-0.992739,0.000000,
			-0.087280,0.995415,0.039138,0.000000,
			0.294776,-1.198148,0.991038,1.000000;;,
			6;16;
			0.982820,0.091189,-0.160467,0.000000,
			-0.163674,0.028802,-0.986094,0.000000,
			-0.085299,0.995417,0.043233,0.000000,
			0.294776,-1.198148,0.991038,1.000000;;,
			7;16;
			0.972640,0.091185,-0.213672,0.000000,
			-0.217047,0.028742,-0.975738,0.000000,
			-0.082831,0.995419,0.047747,0.000000,
			0.294776,-1.198148,0.991038,1.000000;;,
			8;16;
			0.957791,0.091183,-0.272621,0.000000,
			-0.276181,0.028767,-0.960675,0.000000,
			-0.079754,0.995419,0.052736,0.000000,
			0.294776,-1.198148,0.991038,1.000000;;,
			9;16;
			0.937373,0.091234,-0.336168,0.000000,
			-0.339912,0.028719,-0.940019,0.000000,
			-0.076108,0.995415,0.057932,0.000000,
			0.294776,-1.198148,0.991038,1.000000;;,
			10;16;
			0.910586,0.091184,-0.403137,0.000000,
			-0.407062,0.028749,-0.912948,0.000000,
			-0.071656,0.995419,0.063296,0.000000,
			0.294776,-1.198148,0.991038,1.000000;;,
			11;16;
			0.876874,0.091206,-0.471989,0.000000,
			-0.476086,0.028768,-0.878928,0.000000,
			-0.066585,0.995416,0.068647,0.000000,
			0.294776,-1.198148,0.991038,1.000000;;,
			12;16;
			0.835925,0.091161,-0.541220,0.000000,
			-0.545465,0.028742,-0.837641,0.000000,
			-0.060804,0.995421,0.073752,0.000000,
			0.294776,-1.198148,0.991038,1.000000;;,
			13;16;
			0.787898,0.091202,-0.609015,0.000000,
			-0.613391,0.028726,-0.789257,0.000000,
			-0.054487,0.995418,0.078576,0.000000,
			0.294776,-1.198148,0.991038,1.000000;;,
			14;16;
			0.733307,0.091159,-0.673758,0.000000,
			-0.678232,0.028775,-0.734284,0.000000,
			-0.047549,0.995421,0.082927,0.000000,
			0.294776,-1.198148,0.991038,1.000000;;,
			15;16;
			0.672973,0.091204,-0.734023,0.000000,
			-0.738566,0.028716,-0.673569,0.000000,
			-0.040353,0.995418,0.086685,0.000000,
			0.294776,-1.198148,0.991038,1.000000;;,
			16;16;
			0.608126,0.091220,-0.788582,0.000000,
			-0.793161,0.028725,-0.608334,0.000000,
			-0.032840,0.995416,0.089821,0.000000,
			0.294776,-1.198148,0.991038,1.000000;;,
			17;16;
			0.540253,0.091184,-0.836548,0.000000,
			-0.841125,0.028732,-0.540077,0.000000,
			-0.025211,0.995419,0.092219,0.000000,
			0.294776,-1.198148,0.991038,1.000000;;,
			18;16;
			0.471080,0.091218,-0.877361,0.000000,
			-0.881912,0.028711,-0.470538,0.000000,
			-0.017732,0.995417,0.093971,0.000000,
			0.294776,-1.198148,0.991038,1.000000;;,
			19;16;
			0.402118,0.091190,-0.911035,0.000000,
			-0.915528,0.028733,-0.401226,0.000000,
			-0.010411,0.995419,0.095041,0.000000,
			0.294776,-1.198148,0.991038,1.000000;;,
			20;16;
			0.335154,0.091195,-0.937739,0.000000,
			-0.942157,0.028754,-0.333937,0.000000,
			-0.003489,0.995418,0.095557,0.000000,
			0.294776,-1.198148,0.991038,1.000000;;,
			21;16;
			0.271530,0.091176,-0.958102,0.000000,
			-0.962425,0.028775,-0.270017,0.000000,
			0.002950,0.995419,0.095564,0.000000,
			0.294776,-1.198148,0.991038,1.000000;;,
			22;16;
			0.212608,0.091186,-0.972874,0.000000,
			-0.977098,0.028822,-0.210830,0.000000,
			0.008816,0.995417,0.095226,0.000000,
			0.294776,-1.198148,0.991038,1.000000;;,
			23;16;
			0.159352,0.091202,-0.983000,0.000000,
			-0.987124,0.028711,-0.157357,0.000000,
			0.013872,0.995418,0.094603,0.000000,
			0.294776,-1.198148,0.991038,1.000000;;,
			24;16;
			0.112646,0.091188,-0.989442,0.000000,
			-0.993465,0.028741,-0.110455,0.000000,
			0.018366,0.995419,0.093829,0.000000,
			0.294776,-1.198148,0.991038,1.000000;;,
			25;16;
			0.073248,0.091215,-0.993134,0.000000,
			-0.997069,0.028744,-0.070898,0.000000,
			0.022080,0.995416,0.093053,0.000000,
			0.294776,-1.198148,0.991038,1.000000;;,
			26;16;
			0.041644,0.091149,-0.994966,0.000000,
			-0.998819,0.028727,-0.039173,0.000000,
			0.025012,0.995423,0.092238,0.000000,
			0.294776,-1.198148,0.991038,1.000000;;,
			27;16;
			0.018460,0.091205,-0.995661,0.000000,
			-0.999458,0.028814,-0.015891,0.000000,
			0.027239,0.995415,0.091687,0.000000,
			0.294776,-1.198148,0.991038,1.000000;;,
			28;16;
			0.004157,0.092006,-0.995750,0.000000,
			-0.999583,0.028828,-0.001510,0.000000,
			0.028566,0.995341,0.092087,0.000000,
			0.294776,-1.198148,0.991038,1.000000;;,
			29;16;
			-0.000796,0.091237,-0.995829,0.000000,
			-0.999580,0.028793,0.003437,0.000000,
			0.028986,0.995413,0.091176,0.000000,
			0.294776,-1.198148,0.991038,1.000000;;;
		}
	}
	Animation {
		{Bone.002}
		AnimationKey {
			4;
			30;
			0;16;
			0.893593,0.448509,-0.018215,0.000000,
			0.009784,0.021108,0.999729,0.000000,
			0.448772,-0.893529,0.014474,0.000000,
			0.281177,-1.185891,-1.010878,1.000000;;,
			1;16;
			0.893613,0.448626,-0.013805,0.000000,
			0.004852,0.021101,0.999766,0.000000,
			0.448812,-0.893470,0.016680,0.000000,
			0.281177,-1.185891,-1.010878,1.000000;;,
			2;16;
			0.893654,0.448755,-0.000959,0.000000,
			-0.009511,0.021077,0.999733,0.000000,
			0.448655,-0.893406,0.023103,0.000000,
			0.281177,-1.185891,-1.010878,1.000000;;,
			3;16;
			0.893393,0.448838,0.019844,0.000000,
			-0.032784,0.021075,0.999240,0.000000,
			0.448078,-0.893365,0.033543,0.000000,
			0.281177,-1.185891,-1.010878,1.000000;;,
			4;16;
			0.892491,0.448492,0.048110,0.000000,
			-0.064411,0.021154,0.997699,0.000000,
			0.446442,-0.893537,0.047767,0.000000,
			0.281177,-1.185891,-1.010878,1.000000;;,
			5;16;
			0.889890,0.448468,0.083504,0.000000,
			-0.103986,0.021191,0.994353,0.000000,
			0.444166,-0.893548,0.065492,0.000000,
			0.281177,-1.185891,-1.010878,1.000000;;,
			6;16;
			0.884923,0.448521,0.125455,0.000000,
			-0.150827,0.021134,0.988334,0.000000,
			0.440637,-0.893522,0.086351,0.000000,
			0.281177,-1.185891,-1.010878,1.000000;;,
			7;16;
			0.876785,0.448525,0.173417,0.000000,
			-0.204356,0.021087,0.978669,0.000000,
			0.435300,-0.893522,0.110147,0.000000,
			0.281177,-1.185891,-1.010878,1.000000;;,
			8;16;
			0.864617,0.448489,0.226485,0.000000,
			-0.263569,0.021097,0.964410,0.000000,
			0.427749,-0.893539,0.136448,0.000000,
			0.281177,-1.185891,-1.010878,1.000000;;,
			9;16;
			0.847501,0.448517,0.283856,0.000000,
			-0.327563,0.021142,0.944592,0.000000,
			0.417664,-0.893524,0.164835,0.000000,
			0.281177,-1.185891,-1.010878,1.000000;;,
			10;16;
			0.824773,0.448505,0.344371,0.000000,
			-0.394955,0.021087,0.918458,0.000000,
			0.404672,-0.893531,0.194531,0.000000,
			0.281177,-1.185891,-1.010878,1.000000;;,
			11;16;
			0.795934,0.448475,0.406643,0.000000,
			-0.464279,0.021136,0.885436,0.000000,
			0.388501,-0.893545,0.225041,0.000000,
			0.281177,-1.185891,-1.010878,1.000000;;,
			12;16;
			0.760583,0.448474,0.469451,0.000000,
			-0.534097,0.021104,0.845159,0.000000,
			0.369125,-0.893547,0.255580,0.000000,
			0.281177,-1.185891,-1.010878,1.000000;;,
			13;16;
			0.718876,0.448493,0.531104,0.000000,
			-0.602583,0.021137,0.797776,0.000000,
			0.346571,-0.893536,0.285449,0.000000,
			0.281177,-1.185891,-1.010878,1.000000;;,
			14;16;
			0.671199,0.448481,0.590218,0.000000,
			-0.668108,0.021068,0.743766,0.000000,
			0.321130,-0.893544,0.313774,0.000000,
			0.281177,-1.185891,-1.010878,1.000000;;,
			15;16;
			0.618353,0.448481,0.645371,0.000000,
			-0.729196,0.021142,0.683978,0.000000,
			0.293107,-0.893542,0.340104,0.000000,
			0.281177,-1.185891,-1.010878,1.000000;;,
			16;16;
			0.561376,0.448501,0.695488,0.000000,
			-0.784594,0.021167,0.619649,0.000000,
			0.263192,-0.893532,0.363773,0.000000,
			0.281177,-1.185891,-1.010878,1.000000;;,
			17;16;
			0.501560,0.448494,0.739791,0.000000,
			-0.833436,0.021178,0.552210,0.000000,
			0.231995,-0.893535,0.384413,0.000000,
			0.281177,-1.185891,-1.010878,1.000000;;,
			18;16;
			0.440365,0.448460,0.777793,0.000000,
			-0.875188,0.021137,0.483320,0.000000,
			0.200310,-0.893553,0.401795,0.000000,
			0.281177,-1.185891,-1.010878,1.000000;;,
			19;16;
			0.379274,0.448478,0.809332,0.000000,
			-0.909740,0.021088,0.414642,0.000000,
			0.168891,-0.893545,0.415996,0.000000,
			0.281177,-1.185891,-1.010878,1.000000;;,
			20;16;
			0.319860,0.448480,0.834599,0.000000,
			-0.937306,0.021134,0.347866,0.000000,
			0.138373,-0.893543,0.427123,0.000000,
			0.281177,-1.185891,-1.010878,1.000000;;,
			21;16;
			0.263266,0.448445,0.854159,0.000000,
			-0.958494,0.021136,0.284327,0.000000,
			0.109452,-0.893560,0.435396,0.000000,
			0.281177,-1.185891,-1.010878,1.000000;;,
			22;16;
			0.210764,0.448512,0.868571,0.000000,
			-0.974028,0.021137,0.225439,0.000000,
			0.082753,-0.893527,0.441319,0.000000,
			0.281177,-1.185891,-1.010878,1.000000;;,
			23;16;
			0.163253,0.448518,0.878738,0.000000,
			-0.984841,0.021161,0.172164,0.000000,
			0.058624,-0.893523,0.445174,0.000000,
			0.281177,-1.185891,-1.010878,1.000000;;,
			24;16;
			0.121536,0.448529,0.885466,0.000000,
			-0.991876,0.021117,0.125445,0.000000,
			0.037567,-0.893519,0.447452,0.000000,
			0.281177,-1.185891,-1.010878,1.000000;;,
			25;16;
			0.086306,0.448476,0.889618,0.000000,
			-0.996073,0.021169,0.085962,0.000000,
			0.019720,-0.893544,0.448542,0.000000,
			0.281177,-1.185891,-1.010878,1.000000;;,
			26;16;
			0.058029,0.448526,0.891884,0.000000,
			-0.998299,0.021125,0.054329,0.000000,
			0.005527,-0.893520,0.448989,0.000000,
			0.281177,-1.185891,-1.010878,1.000000;;,
			27;16;
			0.037236,0.448496,0.893008,0.000000,
			-0.999294,0.021074,0.031084,0.000000,
			-0.004878,-0.893536,0.448965,0.000000,
			0.281177,-1.185891,-1.010878,1.000000;;,
			28;16;
			0.024420,0.448776,0.893310,0.000000,
			-0.999637,0.021122,0.016715,0.000000,
			-0.011368,-0.893394,0.449129,0.000000,
			0.281177,-1.185891,-1.010878,1.000000;;,
			29;16;
			0.020007,0.448480,0.893569,0.000000,
			-0.999708,0.021104,0.011792,0.000000,
			-0.013569,-0.893544,0.448771,0.000000,
			0.281177,-1.185891,-1.010878,1.000000;;;
		}
	}
}
